300 8.32387
300.6006 9.41839
301.202403 12.2774
301.805411 14.05
302.409626 15.8853
303.01505 19.7771
303.621687 22.4479
304.229538 23.8705
304.838606 27.8408
305.448893 32.1512
306.060402 33.5514
306.673135 35.9238
307.287095 41.4298
307.902285 43.9146
308.518705 46.5697
309.13636 47.3892
309.755252 54.0296
310.375382 54.6507
310.996754 58.4273
311.61937 59.8276
312.243232 64.6807
312.868344 67.8618
313.494706 66.542
314.122323 77.6329
314.751197 114.247
315.381329 101.669
316.012723 76.2578
316.645381 82.3093
317.279305 88.0864
317.914499 81.1297
318.550964 85.6987
319.188703 88.3422
319.82772 85.9276
320.468015 89.2158
321.109593 129.819
321.752454 129.461
322.396603 101.366
323.042042 93.3077
323.688772 100.127
324.336798 95.2372
324.98612 92.0155
325.636743 97.5067
326.288668 124.084
326.941898 111.559
327.596437 117.312
328.252285 110.275
328.909447 118.614
329.567924 135.504
330.227719 130.383
330.888836 123.895
331.551275 110.588
332.215042 110.786
332.880136 114.318
333.546563 105.858
334.214324 101.602
334.883421 102.812
335.553858 103.173
336.225637 101.851
336.898762 125.24
337.573233 156.27
338.249055 118.938
338.926231 108.354
339.604761 103.447
340.28465 103.114
340.965901 103.486
341.648515 103.024
342.332496 113.798
343.017846 107.589
343.704568 113.013
344.392665 100.963
345.08214 120.373
345.772995 127.485
346.465233 108.946
347.158856 102.664
347.853869 127.876
348.550273 158.561
349.248071 131.158
349.947266 107.657
350.647861 113.654
351.349858 108.157
352.053261 107.512
352.758072 102.754
353.464295 104.113
354.171931 117.002
354.880983 135.999
355.591455 139.884
356.30335 136.841
357.01667 110.807
357.731418 101.73
358.447596 100.485
359.165209 101.102
359.884258 102.915
360.604747 102.686
361.326678 106.727
362.050055 131.656
362.774879 118.983
363.501155 124.434
364.228885 123.489
364.958072 110.703
365.688718 106.709
366.420827 108.728
367.154402 110.9
367.889446 108.589
368.625961 105.981
369.363951 107.084
370.103418 127.511
370.844366 119.289
371.586796 108.899
372.330714 104.683
373.07612 105.912
373.823019 133.589
374.571413 119.993
375.321306 105.52
376.0727 101.986
376.825598 103.135
377.580003 114.314
378.335919 109.029
379.093348 102.645
379.852293 103.244
380.612758 95.4278
381.374745 107.72
382.138258 107.963
382.903299 110.649
383.669872 114.861
384.43798 99.7433
385.207625 97.711
385.978811 87.8585
386.751541 85.4108
387.525818 84.4864
388.301646 84.2868
389.079026 92.2229
389.857963 86.9084
390.638459 112.311
391.420518 113.931
392.204142 97.8937
392.989335 92.5675
393.7761 79.9041
394.564441 105.327
395.354359 104.513
396.145859 89.8748
396.938944 82.7348
397.733616 95.9207
398.529879 104.283
399.327737 106.772
400.127191 104.199
400.928246 119.088
401.730905 117.475
402.535171 110.987
403.341047 106.252
404.148536 105.044
404.957642 121.823
405.768368 112.465
406.580717 120.181
407.394692 103.186
408.210297 116.917
409.027534 111.789
409.846408 112.419
410.666921 106.992
411.489077 104.626
412.312878 108.814
413.138329 108.447
413.965433 110.406
414.794192 104.557
415.624611 115.819
416.456692 126.795
417.290439 127.341
418.125855 112.224
418.962943 111.442
419.801707 107.653
420.642151 108.983
421.484277 106.552
422.328089 104.316
423.173591 101.421
424.020785 105.733
424.869675 113.018
425.720265 105.346
426.572557 102.216
427.426556 101.225
428.282264 104.178
429.139686 100.736
429.998824 98.0477
430.859683 97.5059
431.722264 112.806
432.586573 104.412
433.452612 102.44
434.320384 105.212
435.189894 102.28
436.061145 104.78
436.93414 109.683
437.808883 104.222
438.685377 103.056
439.563626 106.522
440.443633 119.351
441.325401 127.579
442.208935 112.895
443.094238 111.677
443.981313 110.107
444.870165 112.776
445.760795 109.373
446.653209 111.607
447.547409 113.849
448.4434 112.127
449.341184 111.413
450.240766 113.401
451.142148 115.516
452.045336 112.713
452.950331 113.652
453.857138 121.356
454.765761 114.802
455.676202 119.105
456.588467 116.936
457.502557 117.023
458.418478 125.097
459.336233 115.986
460.255824 115.122
461.177257 115.807
462.100535 116.717
463.02566 117.012
463.952638 116.027
464.881472 115.741
465.812166 119.289
466.744722 120.641
467.679146 126.107
468.61544 121.164
469.553609 117.014
470.493656 115.132
471.435585 118.763
472.379399 120.125
473.325103 118.44
474.272701 119.201
475.222195 119.411
476.173591 118.519
477.126891 119.429
478.0821 120.404
479.039221 120.584
479.998258 121.51
480.959215 123.078
481.922096 127.453
482.886905 126.453
483.853645 119.973
484.822321 123.259
485.792936 118.025
486.765494 112.07
487.739999 116.605
488.716455 120.833
489.694866 119.851
490.675236 124.675
491.657568 120.01
492.641867 118.668
493.628137 126.266
494.616381 123.626
495.606604 123.528
496.598809 123.787
497.593 123.219
498.589182 118.194
499.587358 121.794
500.587533 118.424
501.58971 116.652
502.593893 118.453
503.600087 119.413
504.608295 118.022
505.618521 120.946
506.63077 120.301
507.645046 119.631
508.661352 119.449
509.679693 120.084
510.700072 120.677
511.722494 122.088
512.746963 119.674
513.773483 120.084
514.802059 120.957
515.832693 120.942
516.865391 117.214
517.900156 118.4
518.936993 130.116
519.975905 217.13
521.016898 127.088
522.059974 136.512
523.105139 128.758
524.152396 140.403
525.20175 132.999
526.253205 144.757
527.306764 134.282
528.362433 128.367
529.420215 131.56
530.480115 140.159
531.542137 138.673
532.606285 132.284
533.672564 142.364
534.740977 134.477
535.811529 136.567
536.884225 133.208
537.959068 134.201
539.036062 134.459
540.115213 133.129
541.196525 134.371
542.280001 135.353
543.365646 136.57
544.453465 138.116
545.543461 139.761
546.63564 140.401
547.730005 140.437
548.826562 142.479
549.925313 144.644
551.026264 144.754
552.12942 145.784
553.234783 147.181
554.34236 168.891
555.452154 152.73
556.56417 172.86
557.678413 3345.54
558.794885 170.682
559.913594 158.95
561.034541 174.916
562.157733 180.1
563.283174 156.833
564.410867 171.461
565.540819 157.619
566.673032 167.892
567.807512 161.656
568.944264 161.188
570.083291 164.87
571.224598 162.739
572.368191 165.703
573.514073 166.997
574.662249 167.849
575.812723 167.278
576.965501 167.809
578.120587 167.252
579.277985 167.186
580.4377 168.278
581.599737 169.117
582.764101 169.962
583.930795 169.826
585.099826 169.118
586.271196 199.594
587.444912 226.807
588.620977 652.909
589.799397 433.927
590.980177 187.881
592.16332 237.363
593.348831 229.98
594.536717 186.208
595.72698 236.884
596.919626 182.339
598.11466 196.807
599.312086 167.367
600.51191 191.354
601.714136 167.034
602.918768 172.862
604.125812 175.668
605.335273 168.01
606.547155 172.2
607.761463 167.955
608.978202 167.248
610.197378 172.151
611.418994 166.106
612.643055 164.756
613.869567 181.211
615.098535 182.992
616.329963 167.227
617.563857 206.502
618.80022 168.478
620.039059 198.849
621.280378 171.516
622.524182 192.976
623.770477 325.351
625.019266 197.469
626.270555 319.254
627.52435 181.202
628.780654 243.992
630.039474 2262.64
631.300814 277.548
632.564679 317.395
633.831074 155.507
635.100005 178.385
636.371476 895.583
637.645493 169.029
638.92206 182.772
640.201183 152.159
641.482866 163.792
642.767116 166.882
644.053936 151.387
645.343333 159.716
646.635311 295.795
647.929876 165.798
649.227033 150.717
650.526786 343.331
651.829141 189.599
653.134104 255.631
654.44168 194.822
655.751873 266.147
657.064689 201.216
658.380133 263.05
659.698211 169.451
661.018928 196.01
662.342289 161.35
663.668299 169.371
664.996964 151.058
666.328288 166.511
667.662279 149.094
668.998939 149.361
670.338276 159.134
671.680294 153.324
673.024999 150.916
674.372396 159.544
675.72249 148.552
677.075288 149.474
678.430793 156.345
679.789013 149.869
681.149951 151.343
682.513614 351.253
683.880008 358.607
685.249136 157.885
686.621006 484.892
687.995622 174.139
689.37299 210.05
690.753116 218.547
692.136005 395.696
693.521662 230.881
694.910093 363.618
696.301304 173.078
697.6953 319.992
699.092087 165.698
700.49167 196.485
701.894056 205.939
703.299248 157.918
704.707254 229.545
706.118079 184.849
707.531729 189.381
708.948208 204.86
710.367523 165.996
711.78968 163.626
713.214684 186.81
714.642541 197.82
716.073256 180.268
717.506836 188.004
718.943285 167.712
720.382611 165.104
721.824818 165.434
723.269912 187.366
724.717899 1065.51
726.168785 293.035
727.622576 836.754
729.079278 489.734
730.538895 350.098
732.001435 673.553
733.466903 375.638
734.935305 789.156
736.406646 624.174
737.880933 450.452
739.358172 317.295
740.838368 458.242
742.321527 191.529
743.807656 503.48
745.29676 184.977
746.788845 339.996
748.283917 497.165
749.781983 224.044
751.283047 209.015
752.787117 705.842
754.294198 216.505
755.804296 268.798
757.317417 473.556
758.833567 267.471
760.352753 184.796
761.874981 229.068
763.400255 257.235
764.928584 197.949
766.459972 252.612
767.994425 210.067
769.531951 331.646
771.072555 902.726
772.616244 901.649
774.163022 295.269
775.712898 1423.92
777.265876 363.858
778.821963 480.138
780.381166 1123.7
781.94349 1086.57
783.508942 249.14
785.077528 1395.82
786.649254 1008.04
788.224127 578.879
789.802153 472.736
791.383338 1327.03
792.967688 993.042
794.555211 502.411
796.145911 1005.97
797.739796 673.881
799.336873 1102.05
800.937146 472.107
802.540623 970.051
804.147311 275.029
805.757215 674.974
807.370342 275.393
808.986698 336.045
810.606291 386.857
812.229126 258.33
813.855209 304.987
815.484549 308.479
817.11715 240.169
818.753019 263.792
820.392164 292.043
822.03459 264.863
823.680305 263.628
825.329314 291.059
826.981624 270.709
828.637242 1639.22
830.296175 1184.07
831.958429 541.539
833.624011 308.217
835.292927 2761.73
836.965185 565.173
838.64079 775.607
840.31975 1678.86
842.002072 818.536
843.687761 1690.93
845.376825 775.066
847.06927 1484.77
848.765104 607.382
850.464333 957.491
852.166964 338.819
853.873003 804.938
855.582458 540.633
857.295335 383.631
859.011642 392.573
860.731384 461.478
862.45457 1036.43
864.181205 1021.5
865.911297 1507.36
867.644852 1184.78
869.381879 531.203
871.122382 441.229
872.86637 366.777
874.61385 399.431
876.364828 2976.78
878.119312 1882.58
879.877308 823.303
881.638823 427.706
883.403865 4560.87
885.172441 730.794
886.944557 1175.59
888.720222 2475.59
890.499441 1326
892.282222 2706.21
894.068572 1152.88
895.858498 2235.36
897.652008 468.408
899.449109 917.419
901.249807 1359.51
903.054111 412.211
904.862026 1133.86
906.673561 454.378
908.488723 373.305
910.307518 765.725
912.129955 369.961
913.956041 378.955
915.785782 661.424
917.619186 368.932
919.456261 375.594
921.297014 467.956
923.141451 504.903
924.989582 380.309
926.841412 383.336
928.69695 370.566
930.556203 1500.26
932.419177 3196.44
934.285882 643.8
936.156323 295.586
938.03051 3550.11
939.908448 831.131
941.790146 1126.47
943.675611 2237.75
945.564851 1189.05
947.457873 2274.14
949.354685 334.219
951.255294 1610.62
953.159709 969.448
955.067936 792.596
956.979983 1354.42
958.895858 354.101
960.815569 586.479
962.739123 691.849
964.666528 393.603
966.597792 804.21
968.532922 1671.13
970.471926 2388.18
972.414812 2190.77
974.361588 1121.95
976.312261 409.709
978.266839 921.783
980.225331 6292.99
982.187743 1119.11
984.154084 1523.41
986.124362 433.588
988.098585 3979.92
990.076759 1737.25
992.058894 4077.28
994.044997 4142.54
996.035077 5298.86
998.02914 936.796
1000.0272 951.092
1002.02925 6340.39
1004.03532 989.787
1006.0454 1493.96
1008.0595 3031.66
1010.07764 1416.13
1012.09981 3120.19
1014.12604 631.855
1016.15632 2382.52
1018.19067 4806.5
1020.22909 5463.54
1022.27159 5554.51
1024.31817 1860.36
1026.36886 608.002
1028.42365 12349.7
1030.48256 5663.03
1032.54559 843.328
1034.61274 2986.91
1036.68404 7901.48
1038.75948 517.457
1040.83908 3257
1042.92284 8262.65
1045.01077 2602.14
1047.10289 5546.42
1049.19919 506.036
1051.29969 1616.91
1053.40439 2868.5
1055.51331 454.685
1057.62645 881.298
1059.74382 1296.47
1061.86542 413.041
1063.99128 557.598
1066.12139 680.274
1068.25577 821.02
1070.39442 4149.05
1072.53735 5838
1074.68457 7301.86
1076.83609 2281.99
1078.99192 542.505
1081.15206 559.673
1083.31653 15200.3
1085.48533 6944.5
1087.65847 1031.18
1089.83597 3385.03
1092.01782 9617.71
1094.20404 3989.75
1096.39464 440.05
1098.58962 10314
1100.789 3141.01
1102.99278 7069.06
1105.20097 372.176
1107.41359 1889.3
1109.63063 3700.74
1111.85211 346.486
1114.07804 943.226
1116.30843 1471.81
1118.54328 268.346
1120.7826 405.504
1123.02641 367.609
1125.27471 238.073
1127.52752 265.379
1129.78483 2583.48
1132.04666 8889.24
1134.31302 4359.39
1136.58391 990.733
1138.85935 372.875
1141.13935 331.955
1143.42392 13600.1
1145.71305 7637.77
1148.00677 926.688
1150.30508 553.715
1152.60799 477.532
1154.91552 10193.6
1157.22766 2741.2
1159.54443 10932.3
1161.86584 3493.58
1164.1919 7780.57
1166.52261 380.227
1168.85799 2245.2
1171.19805 4477.3
1173.54279 379.325
1175.89222 789.736
1178.24636 2410.67
1180.60521 356.415
1182.96878 338.489
1185.33709 607.309
1187.71013 834.38
1190.08793 316.069
1192.47049 306.808
1194.85782 496.381
1197.24992 2767.03
1199.64682 9599.06
