401.99   1.0501169e-05
416.99   1.4151925e-05
432.00   1.1883753e-06
446.99   1.7897494e-05
461.99   3.2236854e-05
477.01   0.00080114552
492.00   0.058338155
507.00   0.66805679
522.00   0.71023659
537.00   0.71816568
551.99   0.77639894
567.00   0.77351425
582.01   0.78494618
597.01   0.82318870
612.00   0.89335389
627.00   0.93291730
641.99   0.92714653
650.00   0.94447542
665.00   0.96800980
680.01   0.99454174
695.00   0.99989591
709.99   1.0000000
724.99   0.95017382
740.00   0.97378782
755.01   0.94471144
770.01   0.93112830
785.00   0.91089564
800.00   0.85929336
815.01   0.83459675
830.00   0.75764101
845.01   0.69774998
860.00   0.64950437
875.00   0.55558907
890.00   0.29148903
911.99   0.0029535930
927.00   2.4089290e-05
941.99   1.3134123e-05
957.00   3.8496371e-06
972.01   8.4529151e-06
987.01   2.0734689e-05
1002.0  -7.6964935e-071
